0 0.608014 0.517422 0.128920 0.153310
0 0.628049 0.879791 0.224739 0.132404
0 0.441638 0.165505 0.165505 0.104530
0 0.378049 0.304007 0.114983 0.078397
0 0.193380 0.295296 0.163763 0.106272
0 0.049652 0.335366 0.071429 0.067944
0 0.293554 0.554007 0.067944 0.090592
0 0.119338 0.567944 0.085366 0.094077
0 0.027875 0.555749 0.055749 0.114983
0 0.082753 0.906794 0.102787 0.151568
0 0.268293 0.809233 0.104530 0.130662
0 0.469512 0.704704 0.081882 0.095819
0 0.684669 0.021777 0.118467 0.043554
0 0.290070 0.039199 0.127178 0.078397
0 0.782230 0.418118 0.066202 0.076655