0 0.426829 0.100174 0.111498 0.120209
0 0.192509 0.101916 0.050523 0.064460
0 0.575784 0.343206 0.074913 0.069686
0 0.809233 0.443380 0.071429 0.088850
0 0.908537 0.533972 0.092334 0.078397
0 0.841463 0.602787 0.121951 0.128920
0 0.733449 0.521777 0.073171 0.088850
0 0.456446 0.416376 0.080139 0.062718
0 0.346690 0.395470 0.080139 0.062718
0 0.263937 0.470383 0.113240 0.128920
0 0.142857 0.447735 0.118467 0.083624
0 0.370209 0.506098 0.071429 0.074913
0 0.522648 0.560105 0.055749 0.074913
0 0.545296 0.468641 0.240418 0.104530
0 0.427700 0.570557 0.067944 0.099303
0 0.334495 0.573171 0.080139 0.048780
0 0.314460 0.648084 0.081882 0.059233
0 0.108014 0.675958 0.125436 0.090592
0 0.848432 0.726481 0.059233 0.076655
0 0.892857 0.680314 0.078397 0.047038
0 0.846690 0.845819 0.149826 0.109756
0 0.687282 0.737805 0.074913 0.064460
0 0.682927 0.921603 0.104530 0.087108
0 0.670732 0.795296 0.073171 0.043554
0 0.439024 0.834495 0.111498 0.076655
0 0.323171 0.831882 0.064460 0.050523
0 0.072300 0.948606 0.106272 0.095819
0 0.258711 0.903310 0.095819 0.113240
0 0.584495 0.878920 0.081882 0.057491
0 0.429443 0.945993 0.060976 0.041812
0 0.521777 0.955575 0.095819 0.071429
0 0.170732 0.308362 0.094077 0.076655