0 0.302265 0.115854 0.116725 0.078397
0 0.824042 0.155923 0.296167 0.109756
0 0.896341 0.256969 0.144599 0.078397
0 0.922474 0.572300 0.071429 0.067944
0 0.812718 0.594077 0.141115 0.083624
0 0.122822 0.500871 0.162021 0.144599
0 0.366725 0.736934 0.099303 0.083624
0 0.547038 0.882404 0.118467 0.109756
0 0.448606 0.432927 0.071429 0.071429
0 0.103659 0.144599 0.151568 0.125436
0 0.851916 0.729965 0.087108 0.066202
0 0.762195 0.804878 0.074913 0.059233
0 0.179443 0.734321 0.080139 0.057491
0 0.697735 0.031359 0.095819 0.052265
0 0.591463 0.612369 0.099303 0.078397
0 0.425958 0.725610 0.179443 0.109756
0 0.724739 0.752613 0.083624 0.080139
0 0.686411 0.932927 0.219512 0.102787