0 0.459930 0.167247 0.076655 0.080139
0 0.730836 0.139373 0.057491 0.069686
0 0.056620 0.188153 0.095819 0.097561
0 0.321429 0.477352 0.116725 0.080139
0 0.113240 0.421603 0.104530 0.076655
0 0.444251 0.346690 0.094077 0.101045
0 0.594077 0.376307 0.128920 0.121951
0 0.907666 0.446864 0.076655 0.088850
0 0.866725 0.578397 0.074913 0.080139
0 0.256969 0.106272 0.067944 0.055749
0 0.218641 0.039199 0.050523 0.050523
0 0.612369 0.262195 0.071429 0.071429
0 0.858885 0.189895 0.066202 0.080139
0 0.816202 0.797909 0.085366 0.069686
0 0.834495 0.887631 0.114983 0.067944
0 0.560976 0.888502 0.104530 0.087108
0 0.252613 0.350174 0.059233 0.048780
0 0.164634 0.303136 0.081882 0.059233