0 0.689024 0.243902 0.141115 0.153310
0 0.599303 0.120209 0.139373 0.097561
0 0.522648 0.256969 0.135889 0.116725
0 0.205575 0.463415 0.188153 0.121951
0 0.479965 0.477352 0.252613 0.177700
0 0.896341 0.597561 0.081882 0.118467
0 0.814460 0.651568 0.081882 0.073171
0 0.294425 0.629791 0.059233 0.060976
0 0.384146 0.716899 0.085366 0.099303
0 0.761324 0.873693 0.160279 0.085366
0 0.130662 0.816202 0.209059 0.196864
0 0.168990 0.971254 0.181185 0.057491
0 0.229965 0.111498 0.414634 0.212544
0 0.054007 0.231707 0.101045 0.076655
0 0.343206 0.285714 0.156794 0.114983