0 0.140244 0.078397 0.130662 0.125436
0 0.472125 0.175087 0.219512 0.130662
0 0.667247 0.170732 0.149826 0.160279
0 0.673345 0.326655 0.270035 0.144599
0 0.091463 0.682056 0.162021 0.162021
0 0.203833 0.480836 0.163763 0.094077
0 0.324913 0.774390 0.144599 0.179443
0 0.585366 0.705575 0.167247 0.128920
0 0.777875 0.689024 0.130662 0.189895
0 0.977352 0.673345 0.045296 0.193380
0 0.976481 0.237805 0.047038 0.099303
0 0.097561 0.858014 0.114983 0.085366
0 0.027875 0.933798 0.055749 0.076655
0 0.184669 0.246516 0.121951 0.116725
0 0.270906 0.166376 0.134146 0.099303
0 0.052265 0.277875 0.104530 0.113240