0 0.507840 0.150697 0.287456 0.214286
0 0.821429 0.238676 0.127178 0.104530
0 0.932927 0.093206 0.134146 0.120209
0 0.673345 0.316202 0.148084 0.078397
0 0.819686 0.341463 0.151568 0.080139
0 0.882404 0.472125 0.141115 0.090592
0 0.563589 0.439895 0.060976 0.071429
0 0.426829 0.361498 0.083624 0.057491
0 0.710801 0.572300 0.101045 0.081882
0 0.520035 0.691638 0.106272 0.069686
0 0.212544 0.480836 0.132404 0.101045
0 0.207317 0.290941 0.101045 0.048780
0 0.277875 0.794425 0.175958 0.114983
0 0.212544 0.610627 0.156794 0.074913
0 0.423345 0.486934 0.135889 0.102787
0 0.288328 0.246516 0.200348 0.141115