0 0.455575 0.104530 0.148084 0.121951
0 0.262195 0.260453 0.151568 0.224739
0 0.484321 0.319686 0.108014 0.116725
0 0.603659 0.536585 0.221254 0.156794
0 0.652439 0.713415 0.172474 0.151568
0 0.858014 0.451220 0.179443 0.128920
0 0.696864 0.085366 0.167247 0.111498
0 0.861498 0.149826 0.113240 0.108014
0 0.105401 0.304007 0.141115 0.148084
0 0.108014 0.073171 0.104530 0.108014
0 0.409408 0.499129 0.121951 0.214286
0 0.208188 0.485192 0.148084 0.172474
0 0.229094 0.687282 0.092334 0.102787
0 0.326655 0.663763 0.071429 0.104530
0 0.161150 0.895470 0.123693 0.160279