0 0.690767 0.412021 0.196864 0.224739
0 0.594077 0.226481 0.219512 0.121951
0 0.127178 0.579268 0.198606 0.168990
0 0.720383 0.618467 0.130662 0.101045
0 0.863240 0.664634 0.095819 0.088850
0 0.968641 0.693380 0.062718 0.163763
0 0.662021 0.722997 0.111498 0.062718
0 0.391986 0.766551 0.114983 0.121951
0 0.524390 0.722125 0.073171 0.081882
0 0.846690 0.929443 0.097561 0.085366
0 0.567073 0.850174 0.137631 0.125436
2 0.675958 0.815331 0.069686 0.052265
0 0.054878 0.964286 0.081882 0.071428
0 0.175958 0.937282 0.135889 0.097561