0 0.535714 0.582753 0.141115 0.123693
0 0.508711 0.872822 0.174216 0.128920
0 0.150697 0.529617 0.127178 0.163763
0 0.306620 0.326655 0.104530 0.092334
0 0.173345 0.323171 0.127178 0.088850
0 0.380662 0.584495 0.095819 0.120209
0 0.438153 0.464286 0.141115 0.088850
0 0.243902 0.143728 0.080139 0.078397
0 0.363240 0.101916 0.081882 0.074913
0 0.944251 0.472997 0.111498 0.116725
0 0.118467 0.943380 0.111498 0.085366
0 0.824913 0.218641 0.134146 0.123693
0 0.654181 0.037456 0.102787 0.074912
0 0.956446 0.328397 0.069686 0.085366